0 0.0000000
1 0.0243019
2 0.0474151
3 0.0680810
4 0.0854608
5 0.0991499
6 0.1091340
7 0.1157019
8 0.1193337
9 0.1205865
10 0.1199975
11 0.1180168
12 0.1149797
13 0.1111155
14 0.1065835
15 0.1015283
16 0.0961347
17 0.0906715
18 0.0855119
19 0.0811261
20 0.0780459
21 0.0768073
22 0.0778796
23 0.0815949
24 0.0880890
25 0.0972632
26 0.1087772
27 0.1220707
28 0.1364168
29 0.1509959
30 0.1649846
31 0.1776449
32 0.1884042
33 0.1969151
34 0.2030871
35 0.2070878
36 0.2093137
37 0.2103344
38 0.2108185
39 0.2114517
40 0.2128566
41 0.2155239
42 0.2197641
43 0.2256832
44 0.2331838
45 0.2419892
46 0.2516870
47 0.2617823
48 0.2717554
49 0.2811157
50 0.2894438
51 0.2964226
52 0.3018509
53 0.3056446
54 0.3078244
55 0.3084979
56 0.3078369
57 0.3060569
58 0.3033975
59 0.3001092
60 0.2964447
61 0.2926536
62 0.2889792
63 0.2856553
64 0.2829011
65 0.2809137
66 0.2798568
67 0.2798481
68 0.2809466
69 0.2831407
70 0.2863428
71 0.2903887
72 0.2950469
73 0.3000351
74 0.3050451
75 0.3097733
76 0.3139524
77 0.3173822
78 0.3199551
79 0.3216711
80 0.3226421
81 0.3230825
82 0.3232882
83 0.3236043
84 0.3243871
85 0.3259628
86 0.3285907
87 0.3324311
88 0.3375268
89 0.3437943
90 0.3510325
91 0.3589397
92 0.3671439
93 0.3752371
94 0.3828124
95 0.3894989
96 0.3949908
97 0.3990681
98 0.4016076
99 0.4025841
100 0.4020622
101 0.4001815
102 0.3971369
103 0.3931564
104 0.3884799
105 0.3833394
106 0.3779439
107 0.3724670
108 0.3670407
109 0.3617515
110 0.3566404
111 0.3517053
112 0.3469044
113 0.3421608
114 0.3373680
115 0.3323958
116 0.3270984
117 0.3213227
118 0.3149191
119 0.3077539
120 0.2997225
121 0.2907634
122 0.2808701
123 0.2701012
124 0.2585861
125 0.2465241
126 0.2341789
127 0.2218646
128 0.2099275
129 0.1987227
130 0.1885890
131 0.1798240
132 0.1726628
133 0.1672610
134 0.1636865
135 0.1619188
136 0.1618563
137 0.1633318
138 0.1661338
139 0.1700304
140 0.1747947
141 0.1802285
142 0.1861802
143 0.1925581
144 0.1993361
145 0.2065510
146 0.2142936
147 0.2226945
148 0.2319051
149 0.2420770
150 0.2533429
151 0.2657977
152 0.2794855
153 0.2943898
154 0.3104291
155 0.3274581
156 0.3452729
157 0.3636194
158 0.3822044
159 0.4007084
160 0.4187992
161 0.4361443
162 0.4524235
163 0.4673409
164 0.4806344
165 0.4920852
166 0.5015243
167 0.5088374
168 0.5139673
169 0.5169136
170 0.5177279
171 0.5165072
172 0.5133829
173 0.5085081
174 0.5020424
175 0.4941368
176 0.4849202
177 0.4744873
178 0.4628916
179 0.4501432
180 0.4362125
181 0.4210393
182 0.4045472
183 0.3866613
184 0.3673286
185 0.3465374
186 0.3243349
187 0.3008407
188 0.2762530
189 0.2508491
190 0.2249782
191 0.1990472
192 0.1735015
193 0.1488021
194 0.1254008
195 0.1037177
196 0.0841205
197 0.0669103
198 0.0523126
199 0.0404754
200 0.0314733
201 0.0253174
202 0.0219682
203 0.0213513
204 0.0233722
205 0.0279303
206 0.0349296
207 0.0442853
208 0.0559269
209 0.0697976
210 0.0858494
211 0.1040379
212 0.1243143
213 0.1466179
214 0.1708697
215 0.1969671
216 0.2247796
217 0.2541472
218 0.2848802
219 0.3167584
220 0.3495342
221 0.3829333
222 0.4166577
223 0.4503877
224 0.4837858
225 0.5165001
226 0.5481697
227 0.5784315
228 0.6069275
229 0.6333144
230 0.6572738
231 0.6785224
232 0.6968217
233 0.7119859
234 0.7238879
235 0.7324608
236 0.7376968
237 0.7396418
238 0.7383863
239 0.7340543
240 0.7267902
241 0.7167463
242 0.7040709
243 0.6888997
244 0.6713502
245 0.6515207
246 0.6294931
247 0.6053401
248 0.5791344
249 0.5509601
250 0.5209247
251 0.4891691
252 0.4558759
253 0.4212742
254 0.3856405
255 0.3492952
256 0.3125966
257 0.2759298
258 0.2396957
259 0.2042975
260 0.1701281
261 0.1375577
262 0.1069244
263 0.0785267
264 0.0526175
265 0.0294021
266 0.0090374
267 -0.0083669
268 -0.0227460
269 -0.0340768
270 -0.0423742
271 -0.0476871
272 -0.0500946
273 -0.0497013
274 -0.0466334
275 -0.0410333
276 -0.0330557
277 -0.0228622
278 -0.0106175
279 0.0035147
280 0.0193739
281 0.0368040
282 0.0556529
283 0.0757704
284 0.0970040
285 0.1191944
286 0.1421698
287 0.1657404
288 0.1896944
289 0.2137947
290 0.2377787
291 0.2613608
292 0.2842369
293 0.3060926
294 0.3266129
295 0.3454935
296 0.3624529
297 0.3772438
298 0.3896630
299 0.3995598
300 0.4068407
301 0.4114716
302 0.4134769
303 0.4129354
304 0.4099745
305 0.4047615
306 0.3974958
307 0.3883991
308 0.3777070
309 0.3656614
310 0.3525034
311 0.3384682
312 0.3237807
313 0.3086524
314 0.2932794
315 0.2778405
316 0.2624972
317 0.2473931
318 0.2326544
319 0.2183916
320 0.2047008
321 0.1916663
322 0.1793634
323 0.1678616
324 0.1572270
325 0.1475250
326 0.1388211
327 0.1311811
328 0.1246688
329 0.1193423
330 0.1152487
331 0.1124178
332 0.1108539
333 0.1105294
334 0.1113784
335 0.1132924
336 0.1161192
337 0.1196654
338 0.1237019
339 0.1279738
340 0.1322136
341 0.1361565
342 0.1395574
343 0.1422070
344 0.1439474
345 0.1446843
346 0.1443949
347 0.1431312
348 0.1410180
349 0.1382459
350 0.1350595
351 0.1317421
352 0.1285979
353 0.1259339
354 0.1240424
355 0.1231853
356 0.1235824
357 0.1254039
358 0.1287672
359 0.1337392
360 0.1403422
361 0.1485640
362 0.1583697
363 0.1697150
364 0.1825585
365 0.1968728
366 0.2126518
367 0.2299149
368 0.2487055
369 0.2690863
370 0.2911292
371 0.3149026
372 0.3404564
373 0.3678060
374 0.3969179
375 0.4276975
376 0.4599811
377 0.4935334
378 0.5280501
379 0.5631673
380 0.5984752
381 0.6335366
382 0.6679074
383 0.7011578
384 0.7328909
385 0.7627583
386 0.7904693
387 0.8157932
388 0.8385550
389 0.8586232
390 0.8758928
391 0.8902649
392 0.9016245
393 0.9098208
394 0.9146520
395 0.9158565
396 0.9131131
397 0.9060491
398 0.8942578
399 0.8773223
400 0.8548442
401 0.8264738
402 0.7919392
403 0.7510711
404 0.7038209
405 0.6502713
406 0.5906380
407 0.5252642
408 0.4546089
409 0.3792312
410 0.2997735
411 0.2169461
412 0.1315145
413 0.0442923
414 -0.0438626
415 -0.1320472
416 -0.2193110
417 -0.3046538
418 -0.3870272
419 -0.4653410
420 -0.5384777
421 -0.6053148
422 -0.6647544
423 -0.7157590
424 -0.7573893
425 -0.7888417
426 -0.8094797
427 -0.8188574
428 -0.8167309
429 -0.8030570
430 -0.7779803
431 -0.7418085
432 -0.6949830
433 -0.6380459
434 -0.5716107
435 -0.4963399
436 -0.4129336
437 -0.3221292
438 -0.2247128
439 -0.1215386
440 -0.0135518
441 0.0981900
442 0.2125040
443 0.3280812
444 0.4435022
445 0.5572702
446 0.6678584
447 0.7737689
448 0.8735964
449 0.9660887
450 1.0501977
451 1.1251140
452 1.1902814
453 1.2453899
454 1.2903502
455 1.3252521
456 1.3503154
457 1.3658388
458 1.3721555
459 1.3695993
460 1.3584860
461 1.3391092
462 1.3117495
463 1.2766926
464 1.2342500
465 1.1847787
466 1.1286933
467 1.0664691
468 0.9986351
469 0.9257575
470 0.8484194
471 0.7671981
472 0.6826461
473 0.5952793
474 0.5055738
475 0.4139721
476 0.3208974
477 0.2267724
478 0.1320411
479 0.0371871
480 -0.0572510
481 -0.1506720
482 -0.2424096
483 -0.3317379
484 -0.4178798
485 -0.5000195
486 -0.5773167
487 -0.6489210
488 -0.7139871
489 -0.7716911
490 -0.8212477
491 -0.8619284
492 -0.8930818
493 -0.9141524
494 -0.9246987
495 -0.9244066
496 -0.9130974
497 -0.8907275
498 -0.8573826
499 -0.8132647
500 -0.7586772
501 -0.6940108
502 -0.6197338
503 -0.5363917
504 -0.4446156
505 -0.3451401
506 -0.2388275
507 -0.1266929
508 -0.0099240
509 0.1101106
510 0.2318714
511 0.3536775
512 0.4737573
513 0.5903160
514 0.7016140
515 0.8060482
516 0.9022252
517 0.9890204
518 1.0656145
519 1.1315054
520 1.1864948
521 1.2306539
522 1.2642742
523 1.2878100
524 1.3018219
525 1.3069259
526 1.3037531
527 1.2929228
528 1.2750253
529 1.2506154
530 1.2202098
531 1.1842864
532 1.1432824
533 1.0975889
534 1.0475434
535 0.9934209
536 0.9354268
537 0.8736946
538 0.8082899
539 0.7392245
540 0.6664777
541 0.5900265
542 0.5098800
543 0.4261158
544 0.3389151
545 0.2485918
546 0.1556145
547 0.0606186
548 -0.0355920
549 -0.1320536
550 -0.2276608
551 -0.3211924
552 -0.4113449
553 -0.4967698
554 -0.5761155
555 -0.6480692
556 -0.7114004
557 -0.7650015
558 -0.8079254
559 -0.8394173
560 -0.8589394
561 -0.8661876
562 -0.8610968
563 -0.8438371
564 -0.8147987
565 -0.7745671
566 -0.7238914
567 -0.6636463
568 -0.5947929
569 -0.5183404
570 -0.4353122
571 -0.3467195
572 -0.2535434
573 -0.1567268
574 -0.0571746
575 0.0442399
576 0.1466648
577 0.2492598
578 0.3511898
579 0.4516241
580 0.5497430
581 0.6447509
582 0.7358939
583 0.8224790
584 0.9038907
585 0.9796021
586 1.0491764
587 1.1122599
588 1.1685654
589 1.2178495
590 1.2598893
591 1.2944603
592 1.3213226
593 1.3402175
594 1.3508743
595 1.3530294
596 1.3464510
597 1.3309677
598 1.3064947
599 1.2730537
600 1.2307835
601 1.1799400
602 1.1208875
603 1.0540832
604 0.9800587
605 0.8994034
606 0.8127520
607 0.7207783
608 0.6241944
609 0.5237554
610 0.4202649
611 0.3145799
612 0.2076105
613 0.1003146
614 -0.0063139
615 -0.1112631
616 -0.2135240
617 -0.3121129
618 -0.4060929
619 -0.4945920
620 -0.5768178
621 -0.6520671
622 -0.7197320
623 -0.7793013
624 -0.8303596
625 -0.8725817
626 -0.9057258
627 -0.9296223
628 -0.9441619
629 -0.9492829
630 -0.9449596
631 -0.9311960
632 -0.9080252
633 -0.8755179
634 -0.8338001
635 -0.7830775
636 -0.7236643
637 -0.6560106
638 -0.5807219
639 -0.4985673
640 -0.4104705
641 -0.3174838
642 -0.2207478
643 -0.1214406
644 -0.0207257
