0 0.0000000
1 0.2860882
2 0.6365159
3 1.0436757
4 1.4967305
5 1.9822359
6 2.4849472
7 2.9887372
8 3.4775442
9 3.9362703
10 4.3515601
11 4.7124061
12 5.0105472
13 5.2406500
14 5.4002820
15 5.4897029
16 5.5115111
17 5.4701890
18 5.3715923
19 5.2224245
20 5.0297316
21 4.8004453
22 4.5409970
23 4.2570142
24 3.9531089
25 3.6327606
26 3.2982935
27 2.9509427
28 2.5910025
29 2.2180452
30 1.8311951
31 1.4294418
32 1.0119686
33 0.5784751
34 0.1294691
35 -0.3334960
36 -0.8076595
37 -1.2889836
38 -1.7721853
39 -2.2508744
40 -2.7177895
41 -3.1651178
42 -3.5848771
43 -3.9693295
44 -4.3113938
45 -4.6050230
46 -4.8455155
47 -5.0297319
48 -5.1562014
49 -5.2251084
50 -5.2381624
51 -5.1983667
52 -5.1097065
53 -4.9767894
54 -4.8044690
55 -4.5974878
56 -4.3601695
57 -4.0961853
58 -3.8084112
59 -3.4988838
60 -3.1688525
61 -2.8189175
62 -2.4492366
63 -2.0597771
64 -1.6505889
65 -1.2220717
66 -0.7752148
67 -0.3117870
68 0.1655356
69 0.6531159
70 1.1463765
71 1.6398951
72 2.1275646
73 2.6028068
74 3.0588243
75 3.4888735
76 3.8865397
77 4.2459981
78 4.5622426
79 4.8312695
80 5.0502049
81 5.2173679
82 5.3322676
83 5.3955321
84 5.4087796
85 5.3744374
86 5.2955230
87 5.1754055
88 5.0175635
89 4.8253600
90 4.6018510
91 4.3496450
92 4.0708227
93 3.7669269
94 3.4390189
95 3.0878001
96 2.7137843
97 2.3175048
98 1.8997371
99 1.4617155
100 1.0053203
101 0.5332196
102 0.0489482
103 -0.4430838
104 -0.9376570
105 -1.4288782
106 -1.9103764
107 -2.3755438
108 -2.8178028
109 -3.2308786
110 -3.6090553
111 -3.9473984
112 -4.2419252
113 -4.4897142
114 -4.6889467
115 -4.8388809
116 -4.9397633
117 -4.9926886
118 -4.9994211
119 -4.9621939
120 -4.8835033
121 -4.7659141
122 -4.6118927
123 -4.4236762
124 -4.2031904
125 -3.9520168
126 -3.6714120
127 -3.3623744
128 -3.0257514
129 -2.6623762
130 -2.2732236
131 -1.8595699
132 -1.4231430
133 -0.9662503
134 -0.4918714
135 -0.0037072
136 0.4938223
137 0.9956325
138 1.4960812
139 1.9891222
140 2.4684959
141 2.9279446
142 3.3614391
143 3.7633988
144 4.1288904
145 4.4537916
146 4.7349066
147 4.9700259
148 5.1579280
149 5.2983217
150 5.3917372
151 5.4393763
152 5.4429327
153 5.4044018
154 5.3258949
155 5.2094734
156 5.0570187
157 4.8701467
158 4.6501742
159 4.3981382
160 4.1148648
161 3.8010802
162 3.4575513
163 3.0852430
164 2.6854752
165 2.2600661
166 1.8114458
167 1.3427309
168 0.8577522
169 0.3610304
170 -0.1422976
171 -0.6465984
172 -1.1458998
173 -1.6340751
174 -2.1050417
175 -2.5529618
176 -2.9724296
177 -3.3586364
178 -3.7074999
179 -4.0157545
180 -4.2809943
181 -4.5016702
182 -4.6770432
183 -4.8070970
184 -4.8924217
185 -4.9340737
186 -4.9334275
187 -4.8920290
188 -4.8114615
189 -4.6932368
190 -4.5387180
191 -4.3490806
192 -4.1253156
193 -3.8682723
194 -3.5787377
195 -3.2575463
196 -2.9057087
197 -2.5245482
198 -2.1158316
199 -1.6818830
200 -1.2256668
201 -0.7508311
202 -0.2617052
203 0.2367519
204 0.7390513
205 1.2393163
206 1.7314578
207 2.2093718
208 2.6671441
209 3.0992482
210 3.5007213
211 3.8673072
212 4.1955550
213 4.4828687
214 4.7275053
215 4.9285232
216 5.0856883
217 5.1993472
218 5.2702788
219 5.2995387
220 5.2883099
221 5.2377733
222 5.1490069
223 5.0229238
224 4.8602524
225 4.6615584
226 4.4273076
227 4.1579610
228 3.8540938
229 3.5165273
230 3.1464607
231 2.7455911
232 2.3162095
233 1.8612654
234 1.3843904
235 0.8898799
236 0.3826299
237 -0.1319663
238 -0.6481568
239 -1.1599957
240 -1.6615246
241 -2.1469563
242 -2.6108524
243 -3.0482799
244 -3.4549388
245 -3.8272518
246 -4.1624117
247 -4.4583839
248 -4.7138658
249 -4.9282089
250 -5.1013097
251 -5.2334808
252 -5.3253135
253 -5.3775439
254 -5.3909342
255 -5.3661805
256 -5.3038533
257 -5.2043771
258 -5.0680504
259 -4.8951033
260 -4.6857880
261 -4.4404926
262 -4.1598690
263 -3.8449614
264 -3.4973226
265 -3.1191082
266 -2.7131374
267 -2.2829132
268 -1.8325998
269 -1.3669534
270 -0.8912144
271 -0.4109632
272 0.0680474
273 0.5400745
274 0.9995674
275 1.4413393
276 1.8607159
277 2.2536524
278 2.6168113
279 2.9475982
280 3.2441551
281 3.5053141
282 3.7305175
283 3.9197132
284 4.0732352
285 4.1916796
286 4.2757881
287 4.3263483
288 4.3441184
289 4.3297845
290 4.2839508
291 4.2071648
292 4.0999739
293 3.9630083
294 3.7970801
295 3.6032926
296 3.3831448
297 3.1386236
298 2.8722717
299 2.5872246
300 2.2872087
301 1.9764982
302 1.6598321
303 1.3422923
304 1.0291501
305 0.7256911
306 0.4370273
307 0.1679102
308 -0.0774432
309 -0.2955011
310 -0.4835328
311 -0.6396842
312 -0.7630068
313 -0.8534408
314 -0.9117551
315 -0.9394481
316 -0.9386202
317 -0.9118270
318 -0.8619255
319 -0.7919246
320 -0.7048504
321 -0.6036365
322 -0.4910428
323 -0.3696103
324 -0.2416473
325 -0.1092483
326 0.0256633
327 0.1612752
328 0.2958184
329 0.4275016
330 0.5544581
331 0.6747118
332 0.7861695
333 0.8866441
334 0.9739065
335 1.0457679
336 1.1001836
337 1.1353740
338 1.1499504
339 1.1430383
340 1.1143852
341 1.0644437
342 0.9944224
343 0.9062956
344 0.8027712
345 0.6872139
346 0.5635271
347 0.4359989
348 0.3091200
349 0.1873847
350 0.0750856
351 -0.0238845
352 -0.1062124
353 -0.1693142
354 -0.2114466
355 -0.2317726
356 -0.2303788
357 -0.2082435
358 -0.1671587
359 -0.1096125
360 -0.0386402
361 0.0423472
362 0.1297424
363 0.2199213
364 0.3094092
365 0.3950263
366 0.4740033
367 0.5440650
368 0.6034776
369 0.6510618
370 0.6861744
371 0.7086647
372 0.7188101
373 0.7172408
374 0.7048592
375 0.6827615
376 0.6521672
377 0.6143612
378 0.5706494
379 0.5223303
380 0.4706807
381 0.4169526
382 0.3623788
383 0.3081827
384 0.2555867
385 0.2058177
386 0.1601026
387 0.1196544
388 0.0856449
389 0.0591658
390 0.0411774
391 0.0324487
392 0.0334930
393 0.0445025
394 0.0652890
395 0.0952363
396 0.1332703
397 0.1778532
398 0.2270054
399 0.2783599
400 0.3292480
401 0.3768163
402 0.4181704
403 0.4505378
404 0.4714410
405 0.4788686
406 0.4714322
407 0.4484965
408 0.4102687
409 0.3578399
410 0.2931695
411 0.2190109
412 0.1387803
413 0.0563748
414 -0.0240480
415 -0.0983160
416 -0.1624952
417 -0.2131305
418 -0.2474584
419 -0.2635736
420 -0.2605392
421 -0.2384319
422 -0.1983202
423 -0.1421792
424 -0.0727498
425 0.0066441
426 0.0923076
427 0.1803962
428 0.2671336
429 0.3490093
430 0.4229462
431 0.4864284
432 0.5375876
433 0.5752465
434 0.5989215
435 0.6087916
436 0.6056382
437 0.5907634
438 0.5658920
439 0.5330639
440 0.4945202
441 0.4525873
442 0.4095625
443 0.3676028
444 0.3286243
445 0.2942119
446 0.2655491
447 0.2433689
448 0.2279335
449 0.2190433
450 0.2160774
451 0.2180641
452 0.2237737
453 0.2318288
454 0.2408195
455 0.2494135
456 0.2564505
457 0.2610105
458 0.2624529
459 0.2604219
460 0.2548235
461 0.2457780
462 0.2335595
463 0.2185317
464 0.2010913
465 0.1816269
466 0.1604992
467 0.1380431
468 0.1145898
469 0.0905023
470 0.0662150
471 0.0422705
472 0.0193418
473 -0.0017627
474 -0.0201187
475 -0.0347260
476 -0.0445688
477 -0.0486886
478 -0.0462632
479 -0.0366831
480 -0.0196195
481 0.0049245
482 0.0365812
483 0.0746094
484 0.1179085
485 0.1650562
486 0.2143695
487 0.2639847
488 0.3119559
489 0.3563666
490 0.3954476
491 0.4276970
492 0.4519897
493 0.4676714
494 0.4746231
495 0.4732917
496 0.4646769
497 0.4502754
498 0.4319806
499 0.4119475
500 0.3924302
501 0.3756079
502 0.3634139
503 0.3573825
504 0.3585271
505 0.3672600
506 0.3833581
507 0.4059760
508 0.4337032
509 0.4646587
510 0.4966134
511 0.5271329
512 0.5537288
513 0.5740131
514 0.5858464
515 0.5874755
516 0.5776529
517 0.5557350
518 0.5217507
519 0.4764371
520 0.4212339
521 0.3582351
522 0.2900937
523 0.2198827
524 0.1509168
525 0.0865457
526 0.0299330
527 -0.0161636
528 -0.0495899
529 -0.0689570
530 -0.0737484
531 -0.0643661
532 -0.0421076
533 -0.0090775
534 0.0319600
535 0.0777759
536 0.1249027
537 0.1698738
538 0.2094603
539 0.2408865
540 0.2620114
541 0.2714646
542 0.2687284
543 0.2541631
544 0.2289751
545 0.1951292
546 0.1552135
547 0.1122633
548 0.0695572
549 0.0303977
550 -0.0021095
551 -0.0252625
552 -0.0369425
553 -0.0357522
554 -0.0211049
555 0.0067430
556 0.0467182
557 0.0970118
558 0.1552106
559 0.2184659
560 0.2836882
561 0.3477508
562 0.4076888
563 0.4608776
564 0.5051788
565 0.5390460
566 0.5615835
567 0.5725586
568 0.5723690
569 0.5619736
570 0.5427928
571 0.5165902
572 0.4853459
573 0.4511288
574 0.4159777
575 0.3817960
576 0.3502625
577 0.3227614
578 0.3003304
579 0.2836282
580 0.2729183
581 0.2680723
582 0.2685901
583 0.2736393
584 0.2821124
585 0.2927015
586 0.3039868
587 0.3145346
588 0.3229968
589 0.3282046
590 0.3292474
591 0.3255288
592 0.3167950
593 0.3031327
594 0.2849394
595 0.2628695
596 0.2377660
597 0.2105863
598 0.1823326
599 0.1539927
600 0.1264982
601 0.1006993
602 0.0773549
603 0.0571336
604 0.0406177
605 0.0283068
606 0.0206139
607 0.0178538
608 0.0202242
609 0.0277816
610 0.0404178
611 0.0578417
612 0.0795713
613 0.1049381
614 0.1331062
615 0.1631051
616 0.1938734
617 0.2243112
618 0.2533375
619 0.2799495
620 0.3032809
621 0.3226554
622 0.3376341
623 0.3480516
624 0.3540378
625 0.3560212
626 0.3547105
627 0.3510526
628 0.3461675
629 0.3412638
630 0.3375416
631 0.3360912
632 0.3377993
633 0.3432718
634 0.3527820
635 0.3662486
636 0.3832449
637 0.4030344
638 0.4246280
639 0.4468533
640 0.4684287
641 0.4880362
642 0.5043887
643 0.5162928
644 0.5227078
