0  0.01111986
1  0.00000000
2  0.01686881
3  0.00000000
4  0.02558998
5  0.00000000
6  0.03881997
7  0.00000000
8  0.05888987
9  0.00000000
10  0.08933588
11  0.00000000
12  0.13552245
13  0.00000000
14  0.20558745
15  0.00000000
16  0.31187597
17  0.00000000
18  0.47311559
19  0.00000000
20  0.71771598
21  0.00000000
22  1.08877456
23  0.00000000
24  1.65166998
25  0.00000000
26  2.50558209
27  0.00000000
28  3.80096579
29  0.00000000
30  5.76606178
31  0.00000000
32  8.74711132
33  0.00000000
34  13.26935959
35  0.00000000
36  20.12960815
37  0.00000000
38  30.53659821
39  0.00000000
40  46.32399368
41  0.00000000
42  64.38178253
43  0.00000000
44  79.39672852
45  0.00000000
46  90.65919495
47  0.00000000
48  97.63687897
49  0.00000000
50  100.00000000
51  0.00000000
52  97.63687897
53  0.00000000
54  90.65919495
55  0.00000000
56  79.39672852
57  0.00000000
58  64.38178253
59  0.00000000
60  46.32399368
61  0.00000000
62  30.53659821
63  0.00000000
64  20.12960815
65  0.00000000
66  13.26935959
67  0.00000000
68  8.74711132
69  0.00000000
70  5.76606178
71  0.00000000
72  3.80096579
73  0.00000000
74  2.50558209
75  0.00000000
76  1.65166998
77  0.00000000
78  1.08877456
79  0.00000000
80  0.71771598
81  0.00000000
82  0.47311559
83  0.00000000
84  0.31187597
85  0.00000000
86  0.20558745
87  0.00000000
88  0.13552245
89  0.00000000
90  0.08933588
91  0.00000000
92  0.05888987
93  0.00000000
94  0.03881997
95  0.00000000
96  0.02558998
97  0.00000000
98  0.01686881
99  0.00000000
100  0.01111986
